2292 LITTERAE QUADmMEsTREs

13 10511013, y 10610056 31113031 y hazer amigos en el collegio
0065110 60 (106 65130 105 65100105.

5. En 65105 y 56016130165 6Χ61011105 56 0000030 105 00651105
10013000 61 1160100 (106 vaca de sus 65100105 0313 6110. Por 13
5610303 53013 56 hizieron los officios, como 65 00510011116 001
13 (1010113013, 000 0100113 06000100, y por 13 035003 56 1600031011
105 00105, 1601600056 1160113 003 0131103 0313 61105 31 013 06
antes. Tienese 01510 001 6Χο61160013 (103010 1311111160 56 16006030
105 1106005 0100051105 001 65105 11610005, y (103013 00050130100
0065110 86001 001 6110 000100103 3 105 suyos.

6. En 65165 (103110 016565 56 116060 1606111οο 51616 1161103005
06 1106035 031165. Vno dellos 106 collegia] de 105 (106 16061005
3 0318ος 65 0310131 06 135 15135, y hijo de personas 1100113035,
y entre otras muy buenas partes (106 11606, 65 muy 11060 5011-
0300. Ε1 03016, (103000 5000 (106 50 1111016 06013 11060013 0313
13 0001031113, 56 uino 3 6513 010030 muy 30116553 6513000 0313
56 6101131031 60 10511003 0313 135 15135, y 016000 105 1106005 y
1110165 0100051105 061 11110, 000 no 16061 0135 061 5010, 16 dixo:
que 00003 Dios quisiesse que 6116106556 60106010116010 60 0053
06 131110 56101010 061 86001, (106 61 16 0303 0313 6110 11060013;
y no 651000 3(101 1035 06 00 5010 013, 6010 (106 0105110 0100110
(103010 00606 0135 61 30101 06 86001, (106 10 06 parientes 1. Chris—
10 0065110 86001 (106 105 113100 0313 50 56101010, 165 06 061-
5606131 60 61. Μο01105 01105 30030 0101600013 165 16011130, 0135
0005 por salta (16 6030, y 01105 por 0135 firmem, 56 06116060;
y 51601016 061105 56 1601111130 3100005.

7. El orden 06 105 65100105 56 01156103 a conforme 3 135
00051110010065 y reglas3 6510 no solamente 000 105 1161013005,
0135 300 000 105 06 fuera. Son 10005 0101 1160060165, y 6516
300 3 5100 grande el 0001610 061105, 000106 510 105 01005 06
1661 y 65016011, (106 500 3013 muy cerea 06 (1031100160105, 035-
53130 105 06 13110 06 mil y cinquoenta. A 13 011553 (106 56 165
dize 51601016 3 13 013011303, 500 muy continuos, y en 135 000-
165510065 06 0303 11165, (106 500 obligados 3 113Ζ61, 303606 no 56
00016553160 001 60100065 01001105 001 3061 00005 0135 (10610 30

 

 

a Ememl. 31 0115610311.

¹ Forsan indicatur fr. Barbosa‚ 06 (100 10 000. Lus. 43, f. 253 dicitur:
« Jaeome Β3111053 03 11113 da Madeira 601100 na Companhia aos 20 de Abril
de 1561... »

