   

 

wo. α 51100111 ’ΞΝ 1115111111( 113Γ11 1ῑὶΐ>

(16 511 muger. >⁶ andaba 1101 111111111111. ,1 11 5115 1111(1165. J. 1111111-
11161116 611611115111(10 6011 grau 6561’111(11110 (161 [11161110 6011 101105 10»
111111611165 (16 111 11111961, 3· 6011 101105 105 (1116 11116111111161011 611
611511111161110; 3· 111 podiam 6011 61 11161105 (16 11615011115 religiosa„
111611166165, 111 1111161111κ115. 111 60511 111611111111115111 (1116 1116 1111651111
5611011· 561111(10 (1116 1101111(1ιι61111161110 (16 ιιι1 1)11(116 (16516 60116610.
0011110 611 gracia 6011511 muger, 3* 56 11111161011 61111111111105 11 611511
11 6011165111 y comulgar, y 611(111 11165 1151111151110 111611611 ,κ’ 11111611
110111 '’ 611 1111161111 111171.

7. ,16116610 111111111611 11060 1111 11111 60511 1111110 5(·1111(11110511 (16
1111 61611ρο (1116 11100610 11 1111 1101111116 1111 (1111· 11611601605 1111 111111
6161111 persona: 10 1111111 601110 56 611661111156, ‚v 61111111111105 11165611
1116505, 51611110 61 (116110 616111.νο 1’151111(10 611 111 6111661 1101105
1111651105, 56 60111650 y redum (16 1111 (1111116111 1111 1116111111111·. (1116
111 (1111 (165105 1161111111 1111 11117161 105 6Χ61616105. 'simonos mande
1111161011, y 111ἰ’1(1111105 6011 5ιι 1111105011, (1116 65 1161501111 (1116 111
11116(111 11117161.

δ’. 111111061111111 61111511111111 56 prosigue 6111111’111(ῑ10111 1101· 1115
6111165 6011 1111111 6011511610 111165110 y 116(1111(·11(;1(’111 (16 105 (1116 111
01611. (1116 110 66551111 (16 1105 1111111111 Ι)611(11105 ,κ’ 1116111111611111110105.

(A. A 105 65111(1105 (16 111111111111(111(1, (1ι16 1101 1110111105 110605
(11115 11111111] 66551010. 1111111 (1116 105 65101111111165 6011 111115 611101 1101-
ιι165611 11 61105, (11(’1 111111611110 61 (1111 (16 S. 1,ι16115 6011 11111 0111611111
(1116 (1111111111 111 110111 61 116111111110 (1116 166 111 16166111 6111556. 11 111
(6111111 56 111111111011 11165611165 61 6011601001 (16 111 (6·1ιι(111(1. >⁷ 011115
11111611115 11615011115 (16 1111161111 5116116, 1151 6661651115116115, 601110 56-
51111165. ,110511111011 10(105 1111111 60111611111111161110 y 511115111611011. 1101-
(1116 611 61111 56 165 61161116(;1(’1 111 11111101111116111 (grande (16 111 111161111
6111161161011 (16 105 1111105, ,κ’ (161 1155ι11111110 (16 1111651111 (10111111111111
611 65111 1111116. Yam 105 65111(111111165 611 61 11111011661111111161110, 1151
6111611115. 601110 611 (0511111111165, 111111 11(161111116; y 61 1111111611,
(161105 61666 (·11(111 (1111. 111111 11661010 0011110 1111 6161110 y 6111(1ι”1611111;
6111161105 111 1116111105 ,111 11011111165. y 111111611111165, 105 (11111165 611
111 (1116(116116111 3 5110661011 11 105 11111651105. 611 111 0115611111116111 (16
1601115, 5011 105 1116110165 (16 101111 111 5611116111. 1111 (1111 (16 S, Nim-
1115 (611 61 (111111 105 65111(111111165 5061611 1111761 111111115 11111111111111165).
1165111165 (16 56 11111161 101105 (7·0111’65511(10. >⁷ ‹›‹)11111l;1÷1‹1‹› 105 (1116
111116610 (1116 10 110(111111 11117161, ,1111111111161116 6011 61 Ι).“’ 1166101· y 5115
11111651105 56 11161011 111 11051111111. (1011(16 6011 611111 1116111111 511111 ,1

ἐι 8611015111110 vers. ν f ¹¹ 110111 snpra rer-⁸¹.

     
   
 
 
 
 
 
 
 
 
 
 
 
 
 
 
 
 
 
 
 
 
 
 
 
 
 
  
 
 
  
 
 
   
 

 

 

