   
   
   
 
 
  
 
 
 
  
 
 
 
 
 
 
 
 
 
 
 
 
 
 
 
 
 
 
 
 
 
 
 
 
 
  

 

1:35 Lvrweumff (JUADRHMis‘TRHs

111613 nez, (161 (11131 11105110 1161131 1111111111 1011161110 1101 61 1111611
1110110 1011 (1116 611 61 56 111016116.

z). Lus 10111655101165 y 101111111111101165 5011 1111111135 ,v 111111 116-
(111611165, y (16 13113 (113 1161611 611 1111111610 1011 331311 311101161113-
1111611111 611 135 3111135 (16 10113 5116116 (16 1161501135. 1111111116 13 313-
161111011 y 11611110 (1111· 611 6513 11311311 116116 13 1101111131113 116110
65 11131113. 13 (11131 311·6(;16111311 11135 311111110511116 531611 (16 1131165,
(11131110 11135 11101111311 ³¹ 611111113113.

3⁸», lm 5613101165 (161 1).“ 1161101 ¹ 56 311 5161111116 111056111111111
611 135 11111111113165 11310611135 (16513 11311311. 1011 13 501113 311611-
tion y 6011111150 (16 gente. 11316 1161111111 61 1311111111 (16 13 11116513
1113101· 111116 351111651110 1111165113 10113 3111111111 3 13510535 (16 111165-
113 11011111311131 11313 6513 (1331651113 105 56111101165 (16 105 11161365,

’1. Deum>- (16510 56 6161111311 105 (16 1353 611 1151131· 105 1105-
11113165, y 1111116531 105 6111613105 (161105, y 105 (1611135 11116 31 1101
13 61311311, 11313 105 quales, y 11313 31111131 3 1110111 51111105 116-
(1116111611161116 1133131105. 1111111656 13111111611 135 1165135 3 13 131161
,1 (111656 13 1101111113111115113113 3 105 1116505, y 61 l'.⁰ 1166101 165
511616 113Ζ61, 1111311110 116116 1111131ι319111135 111311135; y 1111311110 113
(16 561 31111111111351111330, 1131113111105 11313 1031653116 y 310111113-
1”13116. 11110 (165105, 101110 11111113 1111151656 1161110113131 1611161116,
1111111116 16 31113 56111611113110, ,1651311656 ,13 11313 16 11111131 13
65131613, 131110 11113111161116 111Άο 1011 61 1111 wadre (16 105 1111651105
6011 61 131101 (161 senor, (1116 16 161111κο 3 1161111611113 y 3 101116-
53156 (1011 3111651135 (16 1111111ιο 31161161111111161110; (16 10 (11131 56
61111160 611 31311 111311613 61 1111611111.

Γ), 1105 exvusiiios 56 11311 (13110 >⁷ 56 (13113 116150113511111111113-
165, 101110 ‹mmuh-ros §⁷ 01135116513 (111311(13(1, 1011 1111111111 31110116-
1113111161110 (16 5115 10115616111135, 11111116131651· ,111111311161116 1011 65111
611 01105 1163011115 (16 111111113 111111011311113 >⁷ 6111111311011 1011 (1116
116(1116111611161116 1111111611 3 1105011115. 115105 (1135, 611 51166131, (105
13531105, 1161501135 111111 11111111113165 (1116 6511111311 (16531161111105 y
31131131105 1111111105 11135 31113. 113 51110 1111651111 Semu- 5611111111 11111
11161110 (16 105 1111651105 161111111105 611 311101· y 313113, 10 (11131 16
(11111113 611 31311 1137. y 10111011113 116513 11131311. 1101 561 111111 6111-
1131611131105.

11. 0113 1161511113 ¹· 3511116511ιο 1101 50511611135 6513113 3113113113

:¹ 111116111311 ((1111, ,51111111 rurs, ν 11 Ι’1·1161’, Γ, sapt-(r ννγκ,

““ 1’, 1111110111115 (16 531113111161,

 

 

